Class_1_0:3.982036;-1789.373263	2761.102161	-2740.632196	1281.733390;4571.639461	5516.281807	4030.692464;0.999998211860657	0.999998;
Class_1_1:3.994024;-2961.649284	1929.155626	-1882.817123	2627.532704;4908.022135	3817.735238	4512.607959;0.999996542930603	0.999995;
Class_2_0:4.000000;-3525.582837	4822.928500	-4598.457576	2879.887923;8304.550953	8733.024974	7478.349037;0.999999761581421	1.000000;
Class_2_1:3.998000;-6567.741381	3209.593917	-3465.767332	5854.521757;8288.259905	6643.716381	8106.624081;0.999999403953552	0.999999;
Class_3_0:3.994000;-2322.604352	3594.640163	-2921.489295	1998.587124;5917.247389	6516.133809	4919.092967;0.999999582767487	1.000000;
Class_3_1:4.000000;-5575.458934	926.029744	-1503.610472	5191.165804;6483.463470	2429.648144	6665.098313;0.999992191791534	0.999992;
Class_4_0:3.440000;-1234.271281	2305.823138	-2251.909338	1469.710616;3666.874348	4631.998926	3715.703659;0.999998271465302	0.999996;
Class_4_1:3.823301;-4435.268519	-20.986216	-504.930573	4735.661487;4776.686529	1003.880215	5632.187783;0.998317301273346	0.998275;
Class_5_0:3.932000;-3207.722816	4335.417322	-4030.976805	2010.240438;7543.142339	8181.361158	6050.786792;0.999999880790710	1.000000;
Class_5_1:3.972000;-6107.788383	1342.259457	-1955.335242	5504.286466;7084.001195	3258.799722	6787.455022;0.999992311000824	0.999992;
Class_6_0:3.786000;-1645.562556	2724.177873	-2880.604101	1624.352586;4480.471616	5660.665051	4342.643308;0.999999523162842	0.999999;
Class_6_1:3.150000;-4116.199828	2342.736024	-1498.925887	4352.888722;5636.893284	2156.040711	5864.325923;0.998653173446655	0.998658;
Class_7_0:1.764000;-0.628753	460.652722	-1339.203190	201.382735;2512.105277	3322.090507	684.679266;0.980432391166687	0.983913;
Class_7_1:2.410822;-3184.033844	1991.275747	4474.757519	-155.190340;5905.563362	7711.319170	5044.096585;0.999998748302460	0.999998;